0=318,143,44,98
1=318,143,44,98
2=317,143,44,98
4=312,143,45,82
5=312,141,45,82
6=312,141,45,82
7=310,142,45,82
9=317,140,38,90
10=317,139,38,90
11=318,138,38,90
12=317,138,38,90
14=311,136,53,94
15=311,135,53,94
16=311,134,53,94
18=118,287,216,43
19=118,288,216,43
20=118,289,216,43
21=118,288,216,43
22=118,289,216,43
23=118,288,216,43
24=118,289,216,43
25=118,288,216,43
26=118,289,216,43
27=118,288,216,43
28=118,289,216,43
29=118,288,216,43
30=118,289,216,43
31=118,288,216,43
32=118,289,216,43
33=118,288,216,43
34=118,289,216,43
35=118,288,216,43
36=118,289,216,43
37=118,288,216,43
38=118,289,216,43
39=118,288,216,43
40=118,289,216,43
41=118,288,216,43
42=118,289,216,43
43=118,288,216,43
44=118,289,216,43
45=118,288,216,43
46=118,289,216,43
47=118,288,216,43
48=118,289,216,43
49=118,288,216,43
50=118,289,216,43
51=118,288,216,43
52=118,289,216,43
53=118,288,216,43
54=118,289,216,43
55=118,288,216,43
56=118,289,216,43
57=118,288,216,43
58=118,289,216,43
59=118,288,216,43
60=118,289,216,43
61=118,288,216,43
62=118,289,216,43
63=118,288,216,43
64=118,289,216,43
65=118,288,216,43
66=118,289,216,43
67=118,288,216,43
68=118,289,216,43
69=118,288,216,43
70=118,289,216,43
71=118,288,216,43
72=118,289,216,43
73=118,288,216,43
74=118,289,216,43
75=118,288,216,43
76=118,289,216,43
77=118,288,216,43
78=118,289,216,43
79=118,288,216,43
80=118,289,216,43
81=118,288,216,43
82=118,289,216,43
83=118,288,216,43
84=118,289,216,43
85=118,288,216,43
86=118,289,216,43
87=118,288,216,43
88=118,289,216,43
89=118,288,216,43
90=118,289,216,43
91=118,288,216,43
92=118,289,216,43
93=118,288,216,43
94=118,289,216,43
95=118,288,216,43
96=118,289,216,43
97=118,288,216,43
98=118,289,216,43
99=118,288,216,43
100=118,289,216,43
101=118,288,216,43
102=118,289,216,43
103=118,288,216,43
104=118,289,216,43
105=118,288,216,43
106=118,289,216,43
107=118,288,216,43
108=118,289,216,43
109=118,288,216,43
110=118,289,216,43
111=118,288,216,43
112=118,289,216,43
113=118,288,216,43
114=118,289,216,43
115=118,288,216,43
116=118,289,216,43
117=118,288,216,43
118=118,289,216,43
119=118,288,216,43
120=118,289,216,43
121=118,288,216,43
122=118,289,216,43
123=118,288,216,43
124=118,289,216,43
125=118,288,216,43
126=118,289,216,43
127=118,288,216,43
128=120,289,216,43
130=449,155,62,94
131=448,155,62,94
132=448,154,62,94
133=446,154,62,94
134=447,153,62,94
135=449,151,62,94
136=448,152,62,94
137=449,151,62,94
138=449,150,62,94
139=450,148,62,94
140=450,146,62,94
141=449,145,62,94
142=447,144,62,94
143=446,143,62,94
144=447,142,62,94
145=444,142,62,94
146=443,142,62,94
147=442,142,62,94
148=441,143,62,94
149=441,143,62,94
150=442,142,62,94
152=441,148,60,82
153=441,148,60,82
154=442,148,60,82
156=445,141,50,107
157=446,140,50,107
158=446,140,50,107
159=447,140,50,107
160=447,141,50,107
162=437,143,66,97
163=435,140,66,97
164=437,135,66,97
165=437,134,66,97
166=437,135,66,97
167=437,136,66,97
168=441,135,66,97
169=445,136,66,97
170=447,135,66,97
171=451,136,66,97
172=455,135,66,97
173=459,136,66,97
174=467,133,66,97
175=475,132,66,97
176=481,127,66,97
177=487,126,66,97
178=493,123,66,97
179=497,122,66,97
180=503,121,66,97
181=511,122,66,97
182=515,117,66,97
183=519,116,66,97
184=519,113,66,97
185=519,114,66,97
186=519,111,66,97
187=521,112,66,97
188=521,107,66,97
189=519,106,66,97
190=517,105,66,97
191=513,106,66,97
192=511,107,66,97
193=509,108,66,97
194=509,107,66,97
195=507,106,66,97
196=503,105,66,97
197=501,106,66,97
198=499,105,66,97
199=497,106,66,97
200=495,101,66,97
201=493,98,66,97
202=491,95,66,97
203=489,94,66,97
204=485,93,66,97
205=483,92,66,97
206=483,89,66,97
207=481,86,66,97
208=479,83,66,97
209=475,80,66,97
210=473,77,66,97
211=471,76,66,97
212=471,75,66,97
213=469,72,66,97
214=469,69,66,97
215=467,68,66,97
216=467,65,66,97
217=467,68,66,97
218=469,67,66,97
219=469,66,66,97
220=471,65,66,97
221=471,64,66,97
222=471,63,66,97
223=471,64,66,97
224=473,63,66,97
225=473,64,66,97
226=475,61,66,97
227=475,58,66,97
228=475,55,66,97
229=475,56,66,97
230=475,57,66,97
231=475,60,66,97
232=475,59,66,97
233=475,60,66,97
234=473,59,66,97
235=471,60,66,97
236=469,61,66,97
237=467,62,66,97
238=465,63,66,97
239=461,62,66,97
240=457,61,66,97
241=453,60,66,97
242=449,61,66,97
243=443,64,66,97
244=441,65,66,97
245=437,68,66,97
246=433,67,66,97
247=429,68,66,97
248=425,67,66,97
249=423,68,66,97
250=421,69,66,97
251=419,72,66,97
252=417,71,66,97
253=417,72,66,97
254=415,71,66,97
255=413,72,66,97
256=413,71,66,97
257=413,74,66,97
258=411,73,66,97
259=411,74,66,97
260=411,73,66,97
261=411,74,66,97
262=409,75,66,97
263=409,78,66,97
264=409,77,66,97
265=407,78,66,97
266=407,77,66,97
267=407,76,66,97